0110001011001010000101001101000100101100
1100010110000010010010111100110110011010101001
10010010001010000011010100101001100001
01100111010001000001110000110101110011100001
011001110100101100010100010110001011000101000
010000011011001100001110010100010000010110
000100000110100111001010000011011001100001
0001000100000110001111010010000111100101
0000111000110100110010110100100000110110
0100100000110011011010011101011000011101100010
00001101000110000111001110100001000000101101
010000011001011100001101111100011110100001111010
1001001100000110001011100101011010110000011000
01011010110000011000101000000110000011000001
10100110000011000001110100110000011000001000
000101101010000011101001101001101101010111001
11110010110001101101101001100101110110011011
1011001011110100010000011000011001010
001000000110101011010001001101100100110001